db\datasets\DB-0.3.csv
[9.01530335e-04 1.39637211e-04 1.10953401e-01 7.74671197e-05
 4.82417896e-04 5.18801595e-03 1.42141489e-05 1.16167172e-04
 6.26958938e-03 3.21790035e-03 2.53298627e-03 5.62898485e-01
 3.65638169e-02 5.89397097e-01 1.52669569e-02 1.89655991e-01
 2.69042681e-03 2.15293321e-03 4.97418683e-01 8.74630856e-05
 5.73179076e-04 2.22214532e-02 2.85802379e-02 2.18793107e-05
 4.64639246e-01 4.33056917e-02 4.79609090e-04 4.51673632e-03
 7.72628212e-01 2.67494977e-03 6.03165574e-02 8.69271293e-02
 9.93247518e-03 2.43544441e-03 2.53736585e-01 4.53470486e-05
 2.46332175e-01 7.02428604e-05 2.85978596e-01 1.83775193e-02
 1.99301747e-03 1.34022937e-05 1.52639625e-03 9.21292144e-04
 9.76385713e-04 6.06325514e-06 2.71045660e-05 8.11832278e-03
 2.04207457e-01 1.11649371e-03 9.04377208e-03 7.83682637e-01
 4.11621821e-05 2.04111351e-03 1.07134612e-03 1.05936649e-01
 1.21478937e-03 1.81655705e-03 1.52541021e-03 2.13186691e-03
 3.05338764e-05 3.97965778e-03 4.86875271e-03 4.37692145e-02
 4.16674100e-04 1.56728522e-02 1.35939476e-04 6.86426541e-05
 1.18945780e-05 1.19336350e-04 4.00089985e-04 3.57031521e-01
 4.32049534e-01 1.52517280e-04 3.62057028e-03 4.31220761e-05
 1.31617107e-01 3.17415568e-04 3.13194987e-04 1.33209253e-03
 8.12672117e-04 2.68667360e-03 5.37141157e-04 5.10330069e-03
 1.92361531e-02 5.71016751e-02 4.73213922e-02 7.19673788e-02
 2.97706946e-01 3.15569570e-04 1.26323158e-03 1.38034231e-04
 2.97884420e-04 3.91031017e-05 1.68920008e-02 7.88208753e-03
 4.41935279e-05 7.66137424e-02 4.23379201e-03 6.50404921e-03
 1.92253419e-03 2.25383095e-03 1.60992838e-01 5.89114429e-01
 5.75996305e-05 4.31269192e-03 8.57716151e-01 2.05782068e-03
 4.43168992e-04 1.97475872e-03 4.27764018e-04 8.11080256e-01
 1.94306722e-01 5.01425179e-04 2.20549222e-03 9.65651120e-04
 8.95118288e-01 5.21417425e-05 1.49962563e-01 1.59964737e-04
 1.62579324e-01 3.72163340e-03 5.18371367e-03 4.91184324e-03
 6.50252680e-02 2.86252708e-04 3.09326094e-02 2.34581248e-04
 4.49151103e-04 1.35529955e-03 2.73602807e-03 3.93441669e-02
 1.05664225e-02 2.97271479e-01 5.00841920e-02 2.28714407e-02
 1.78141932e-02 6.52422342e-03 1.96103705e-02 1.77881178e-03
 7.79886741e-01 4.74106126e-04 8.34957242e-08 6.56042610e-03
 4.05523358e-04 2.12581609e-04 4.28500324e-02 3.67608523e-04
 1.26048421e-03 1.22523654e-03 2.86795692e-02 8.78720487e-05
 3.29959450e-04 3.43764287e-02 2.51529621e-02 2.74792837e-01
 4.55324270e-05 2.94161331e-03 4.19599693e-01 2.72882814e-03
 1.31875873e-01 6.96979521e-03 1.77461278e-05 4.53346898e-02
 1.98828558e-02 1.89763199e-02 1.08194844e-03 2.89160245e-04
 1.04176634e-05 1.77794601e-02 1.13016773e-03 1.17217983e-04
 3.10453204e-03 7.45543819e-03 9.05877161e-04 5.62453170e-04
 8.15492083e-05 9.74990811e-05 3.38291600e-02 2.03184758e-05
 1.86784942e-01 8.08017801e-05 2.85045732e-02 4.54652328e-03
 1.38784738e-03 6.59060163e-02 8.33909362e-02 1.44672780e-05
 2.92313566e-05 4.89809611e-01 3.11486603e-04 1.31643485e-02
 1.15091022e-01 1.68504922e-04 1.10016805e-03 3.38095967e-02
 2.38898867e-05 1.98825500e-03 1.93113546e-02 4.58642707e-04
 6.66609643e-05 4.89441967e-04 6.04928731e-01 1.31591504e-02
 2.50716300e-01 4.59917311e-03 8.31772688e-02 1.56199679e-06
 2.13065963e-04 1.90650222e-02 1.00693490e-03 6.94686493e-02
 5.85073452e-05 3.88280090e-03 1.07537123e-04 2.91609952e-04
 3.76731882e-03 5.83691624e-04 6.47676361e-02 3.90936959e-02
 2.02448698e-04 2.67287956e-03 1.33328713e-04 7.45475452e-02
 5.56633146e-01 7.46535356e-04 6.28436820e-04 2.48445328e-04
 5.09990211e-04 6.07195412e-03 3.26611476e-05 1.66855928e-04
 5.28113161e-04 8.18699384e-04 1.25621386e-01 1.53521825e-05
 5.31579021e-04 4.64801305e-02 1.67910893e-04 3.00181619e-03
 3.69908331e-04 1.27620212e-04 2.45974632e-04 1.69930854e-02
 7.71252167e-02 3.65282572e-03 4.46205788e-05 1.40177612e-04
 4.56212096e-01 1.44121610e-04 2.22557517e-07 1.32950076e-02
 1.48222396e-02 8.60413072e-04 7.53564648e-08 5.16999263e-03
 5.45346172e-01 2.53915330e-03 4.91842885e-02 9.73364067e-02
 2.45361170e-02 3.89186109e-03 9.45707611e-04 1.54850279e-02
 1.79606517e-03 1.07495780e-03 2.29487410e-03 8.69657448e-04
 1.83212555e-04 1.39335379e-02 2.13228082e-03 2.95542953e-03
 1.18739506e-02 2.44528660e-04 1.64289385e-03 6.37608974e-04
 1.29849906e-01 8.98810066e-06 3.57021648e-02 1.12850347e-04
 8.67797935e-02 3.56036483e-02 1.45850060e-02 2.79922540e-01
 7.47885857e-02 9.51059723e-01 9.67616778e-05 3.03495469e-07
 7.13105561e-04 5.47907062e-02 5.05978000e-01 7.09614632e-04
 1.64284818e-03 1.47155438e-04 5.83628844e-04 1.29600957e-04
 3.13175032e-03 1.19161516e-03 9.21567373e-01 1.54305303e-01
 9.49099029e-03 1.02781168e-03 2.37546287e-02 2.98872591e-02
 4.68581531e-02 1.13144127e-03 8.35089762e-03 1.04451157e-04
 5.00682628e-05 3.90591654e-05 1.20563957e-01 4.43953942e-02
 1.44334038e-03 1.85520185e-04 2.16821684e-02 3.47664240e-02
 1.93295826e-02 1.14037023e-03 1.46922034e-03 2.17445772e-01
 4.43772326e-03 4.25755040e-04 3.73989315e-01 5.64767029e-02
 1.28993408e-03 3.98276838e-04 2.59502986e-02 3.56658639e-02
 7.75156625e-04 2.79959221e-03 1.60670848e-02 8.59991988e-05
 1.59354339e-03 8.82969614e-01 6.13051240e-02 6.15850986e-04
 1.45062596e-01 7.34770478e-05 2.69316616e-01 5.63104724e-01
 5.23450756e-08 2.20982108e-02 5.99420645e-01 5.60468581e-03
 1.22043723e-02 3.75281936e-05 9.33669471e-02 4.53637679e-02
 1.32656709e-02 6.18022649e-02 1.21618391e-04 2.45847783e-03
 3.22747657e-02 5.31371938e-02 1.55788929e-03 4.45097208e-02
 1.27405305e-04 5.24364377e-04 2.30812133e-01 3.37521536e-03
 1.01739456e-02 1.44566932e-04 1.02725073e-03 2.99610951e-02
 3.45049473e-03 2.31303951e-02 9.53120119e-02 1.15864096e-02
 3.01805195e-01 1.46590882e-03 9.50630048e-04 1.74420536e-04
 3.67144154e-03 3.48178259e-01 1.41933762e-03 3.03888038e-02
 7.25300748e-06 2.76094540e-02 1.63849274e-03 2.39117303e-03
 8.97409911e-05 1.80315674e-08 1.28341026e-06 1.49245124e-04
 6.23831926e-05 1.50202868e-04 1.96632785e-03 2.89404711e-02
 5.07792796e-04 7.01701684e-02 5.12524345e-02 8.41232426e-01
 5.39683168e-04 8.52756101e-05 4.51511991e-03 9.84629802e-04
 2.38702877e-02 1.43562739e-03 1.73602918e-04 7.70699185e-06
 8.06167077e-06 1.04373425e-03 4.25209114e-04 1.81117379e-01
 3.34701069e-01 4.10912861e-05 4.22268514e-02 3.24342184e-04
 7.25857834e-02 2.25974454e-03 1.89847539e-03 3.99975063e-05
 1.74551646e-02 2.61306356e-02 3.11650597e-02 6.53789812e-04
 3.97170543e-03 2.58381756e-03 1.12010448e-02 2.11192136e-03
 1.08795614e-03 2.79259213e-03 3.46593142e-01 1.33382884e-01
 1.41581766e-03 7.11853991e-01 9.49983005e-01 6.12207555e-03
 6.79377893e-04 1.69693324e-04 7.88734182e-01 3.04506889e-01
 2.20259919e-05 1.31146063e-01 2.98047135e-01 2.57063913e-01
 1.71040505e-03 3.13880913e-04 5.70531579e-05 3.11713633e-03
 7.59251893e-03 1.99499107e-03 9.65745443e-03 4.01846769e-04
 4.76616586e-02 4.58264919e-03 7.66737155e-04 6.58953125e-05
 9.49448684e-04 1.27249235e-02 1.08133509e-05 2.42860177e-01
 6.24066596e-03 4.70292902e-04 6.89290715e-05 2.12534734e-02
 2.82874067e-04 6.46318496e-03 2.13458683e-03 9.61069992e-01
 1.00684566e-01 3.65230291e-02 2.20425268e-05 1.06359800e-04
 4.78712877e-03 8.76085683e-05 2.32434078e-01 1.30859918e-01
 1.16087408e-03 1.85233067e-03 2.03759124e-03 5.67255147e-02
 7.06607641e-03 4.49105416e-01 4.99655810e-05 1.88647252e-03
 2.91543996e-03 2.06992605e-03 2.32310535e-03 1.24056806e-03
 1.47023554e-03 6.47779413e-06 2.47644526e-03 3.74178482e-03
 1.11622420e-03 7.44217290e-05 2.29473803e-04 2.87427526e-04
 6.75600466e-03 5.97228979e-03 8.55291348e-03 5.22894482e-03
 5.94053171e-05 1.02120687e-04 1.30140407e-01 1.66490692e-01
 2.46613514e-01 2.06474842e-04 2.97013311e-05 1.41641832e-06]
Mean IHM: 0.06965314959993202
Hardness SD: 0.1721842546656439
Sanity: [[0.29892098 0.28906303]
 [0.29992942 0.29966666]]