db\datasets\DB-0.5.csv
[0.34282495 0.13720232 0.64655509 0.39498914 0.11840749 0.29058034
 0.52169969 0.59179328 0.32094718 0.7418606  0.68265427 0.22171107
 0.6228971  0.20149233 0.17319199 0.31471358 0.14891341 0.18680227
 0.53771275 0.27252985 0.45767746 0.74229109 0.62737226 0.61762484
 0.25525394 0.50091522 0.29848165 0.28556293 0.59781407 0.52273183
 0.28002039 0.23217613 0.22469453 0.56437851 0.4839273  0.22135848
 0.14298296 0.24451953 0.51228892 0.60904116 0.66177716 0.17393376
 0.51780068 0.58865506 0.19339828 0.2307     0.49629456 0.17724079
 0.19586737 0.64384857 0.18155636 0.16108026 0.49471047 0.18117345
 0.57739419 0.12453912 0.60082534 0.40407122 0.26895477 0.61377982
 0.56722254 0.6450687  0.14027496 0.19421189 0.12635573 0.70254223
 0.16600999 0.21646216 0.32640711 0.60652548 0.33323179 0.44026469
 0.65225727 0.56189552 0.2040705  0.34815842 0.22461757 0.26067959
 0.52652894 0.48947824 0.51722455 0.26281773 0.66074597 0.20669928
 0.60469894 0.33903544 0.28868705 0.48469524 0.58988678 0.20280446
 0.23881586 0.21829133 0.7377263  0.24008391 0.39352337 0.37965399
 0.22559632 0.3595941  0.25574293 0.19872643 0.71787653 0.2800811
 0.47377901 0.22529497 0.61676571 0.65432654 0.50058345 0.26663012
 0.2525737  0.19621301 0.13422453 0.38196021 0.28139579 0.65081611
 0.14870252 0.66378132 0.24714067 0.56245002 0.35154881 0.68091462
 0.60576292 0.15356498 0.70268892 0.15298619 0.61051233 0.21341975
 0.52260449 0.23984314 0.28622231 0.2495373  0.34592717 0.69303664
 0.21772112 0.61094683 0.19718933 0.46221021 0.20990491 0.2628602
 0.3671921  0.71331921 0.33046628 0.60379609 0.50532955 0.67672688
 0.21792035 0.2319751  0.50097256 0.7528668  0.76341935 0.14430936
 0.10537357 0.61306572 0.15285934 0.77800661 0.48383168 0.58805485
 0.1671291  0.2447411  0.16649974 0.13987703 0.60632226 0.17576921
 0.39663401 0.54899924 0.2813135  0.23379635 0.74140911 0.63331553
 0.22402971 0.14273937 0.62701838 0.1506246  0.21283821 0.52421325
 0.56447375 0.72114177 0.16525124 0.23347588 0.70867552 0.52305846
 0.19917128 0.6621335  0.3220761  0.51344047 0.17104727 0.16161807
 0.51759266 0.15817725 0.77285998 0.36796461 0.59663317 0.20709314
 0.50096972 0.38485912 0.19538371 0.53568568 0.27401209 0.23597964
 0.1222164  0.27389514 0.64248546 0.1578964  0.55893454 0.21567232
 0.67449255 0.21425245 0.17216963 0.70088497 0.70322015 0.10521136
 0.47250866 0.73097313 0.4100713  0.74623619 0.57858109 0.18311832
 0.26715807 0.70949847 0.59279299 0.21628601 0.51442066 0.54129385
 0.27520021 0.44477153 0.70931698 0.70200479 0.55164891 0.22894597
 0.31582607 0.3605472  0.66397361 0.53474574 0.1897201  0.5435364
 0.36165236 0.31943054 0.24484438 0.73638194 0.32388837 0.35862373
 0.58202269 0.58141522 0.58325411 0.17931569 0.13434327 0.53848363
 0.2924188  0.22227533 0.2533658  0.20050319 0.75520082 0.15344465
 0.47435929 0.71031471 0.60834461 0.23192177 0.24777069 0.24990022
 0.59909754 0.26090041 0.2701747  0.69858466 0.21189602 0.63076727
 0.23297129 0.41978966 0.42546288 0.7240468  0.76876581 0.20892998
 0.18335248 0.49890327 0.53125271 0.23607036 0.58569647 0.71613707
 0.58065522 0.25499337 0.63173339 0.37728935 0.38968061 0.28675575
 0.52656429 0.13161939 0.75323114 0.38190274 0.26332178 0.14511278
 0.27327579 0.54655602 0.4456103  0.65696088 0.69453195 0.63543211
 0.15228846 0.6424819  0.16778332 0.5981609  0.31853917 0.21038879
 0.21724363 0.67674581 0.59575038 0.40694454 0.67978795 0.187428
 0.51644068 0.62049801 0.20747601 0.14213504 0.23027454 0.19142728
 0.34079483 0.57586362 0.27798168 0.13219853 0.30221176 0.59458473
 0.24503966 0.12000822 0.58470217 0.2320063  0.55841443 0.23581131
 0.1955162  0.26114194 0.33462755 0.31078611 0.20792068 0.66603595
 0.2564902  0.68584029 0.27931724 0.16870769 0.63044911 0.07858023
 0.75544315 0.62769484 0.18401534 0.62132361 0.54375022 0.75609008
 0.59331194 0.60080437 0.1787226  0.4313745  0.20457383 0.53889522
 0.73801205 0.66075222 0.6011697  0.14208447 0.31782324 0.2716448
 0.32249862 0.56013187 0.49652723 0.47023436 0.58907336 0.48587394
 0.30302352 0.68468399 0.5564251  0.26202635 0.44207361 0.19511744
 0.32118127 0.55909543 0.68362264 0.48956526 0.52327828 0.61159514
 0.54100419 0.23926834 0.16435881 0.66194821 0.22060306 0.27503857
 0.0699758  0.21625231 0.56914191 0.53199144 0.22514144 0.29179629
 0.70802921 0.61463821 0.56911522 0.73331344 0.24992366 0.55658529
 0.18840065 0.77424436 0.68208031 0.24595374 0.54040921 0.55309971
 0.57070342 0.52222562 0.30455716 0.6123094  0.53568256 0.40392946
 0.11111819 0.51110565 0.3010539  0.20035027 0.48279314 0.49392503
 0.29040212 0.22599582 0.30976512 0.49310582 0.22607132 0.71699784
 0.58485542 0.74792721 0.21200532 0.17964869 0.65069603 0.40521371
 0.26479589 0.40290302 0.34836314 0.39224588 0.19774467 0.73777213
 0.28037409 0.55328371 0.25272669 0.60061377 0.57796375 0.52395248
 0.6346488  0.14217407 0.17167344 0.1770179  0.60999518 0.14834727
 0.60471052 0.67404104 0.69371411 0.68665254 0.46760957 0.45008097
 0.20097636 0.20376844 0.29010659 0.17565326 0.65492483 0.14317924
 0.25984696 0.49358479 0.14857719 0.29293388 0.21234106 0.72359811
 0.1960783  0.21093042 0.29260629 0.27264334 0.74754917 0.58071984
 0.14285267 0.53297104 0.3072657  0.23515885 0.2084794  0.45667149
 0.21636852 0.66038274 0.20911929 0.2062348  0.54395154 0.62200622
 0.29097714 0.46216606 0.36300523 0.48501641 0.38625665 0.5498726
 0.36178714 0.43137388 0.6030143  0.53324043 0.71612841 0.47533019
 0.69864786 0.47614597 0.57037064 0.76005093 0.54833555 0.60450351
 0.52145639 0.16344546 0.2420973  0.735064   0.66873237 0.31146873
 0.53170291 0.17744945 0.11726158 0.56565837 0.55959628 0.69815297
 0.44172273 0.19783034 0.2643661  0.30944341 0.32157362 0.71046287
 0.21230908 0.45369941 0.2145745  0.51000294 0.59705369 0.22436162
 0.52298536 0.23403249 0.12181392 0.60678078 0.68752325 0.19209257
 0.73781729 0.1782288  0.225774   0.14172833 0.68073455 0.4995586
 0.27914532 0.5770912  0.52842753 0.57213534 0.576766   0.42029287
 0.24127566 0.17917421 0.25815862 0.1877008  0.06344963 0.65288458
 0.66573807 0.62812755 0.19770991 0.48089721 0.22886765 0.51777773
 0.18991284 0.23554248 0.22842846 0.48929137 0.27739078 0.52554892
 0.57833052 0.1896701  0.68805577 0.18726307 0.23815869 0.27830683
 0.63398424 0.43811419 0.17587051 0.25356825 0.60948981 0.28871105
 0.14296657 0.6298363  0.76116155 0.21414836 0.73059702 0.23067557
 0.63454832 0.69169278 0.50895456 0.74584045 0.22550773 0.67346056
 0.78964991 0.438407   0.13188689 0.17662643 0.11368385 0.72093091
 0.64225743 0.57344567 0.34152201 0.22809234 0.16937844 0.60052908
 0.64535339 0.60964023 0.15222076 0.75296592 0.23395088 0.65292041
 0.27264617 0.6692387  0.22706732 0.25994545 0.35752733 0.16310943
 0.61466834 0.60663587 0.74850724 0.49416466 0.63136449 0.22868453
 0.20427602 0.75701762 0.14904188 0.32313268 0.23362719 0.21350609
 0.27274825 0.27736463 0.59905666 0.67048568 0.17272618 0.72546355
 0.26967983 0.33910941 0.22689508 0.21935823 0.330864   0.24435322
 0.64175871 0.50753264 0.70008792 0.63415724 0.33144045 0.6728609
 0.61664613 0.21978829 0.26731514 0.74120769 0.22362824 0.57996324
 0.23965706 0.74215522 0.25780324 0.5766943  0.57755577 0.2682609
 0.17664392 0.14098919 0.62861676 0.45264789 0.22953964 0.66486694
 0.20920929 0.6304873  0.30858809 0.50195867 0.29020508 0.65380378
 0.62766526 0.12361923 0.11076385 0.24757997 0.58740041 0.17141161
 0.33344297 0.17240104 0.20572949 0.29478239 0.53636476 0.53637203
 0.4976832  0.48119034 0.50831493 0.45307245 0.61770539 0.17106685
 0.61277465 0.59116067 0.13881608 0.28343283 0.22387666 0.51572258
 0.54016183 0.25560671 0.432641   0.27389828 0.20177252 0.54081823
 0.63513973 0.22553386 0.62968595 0.50497294 0.52745039 0.25315404
 0.2768687  0.27277439 0.36845218 0.63080713 0.13333056 0.56370622
 0.60218544 0.66532198 0.52186055 0.0670175  0.55618571 0.18401331
 0.25848614 0.20454302 0.28511725 0.69243401 0.60003147 0.4209455
 0.79677337 0.69110347 0.2959416  0.21036239 0.11974002 0.24624114
 0.2237469  0.31789395 0.47804484 0.25013718 0.70300515 0.59712362
 0.20759065 0.63142325 0.58191131 0.36455333 0.2601278  0.59425083
 0.18102778 0.60386579 0.70200519 0.27744596 0.68442472 0.29663097
 0.3430919  0.76583111 0.17134757 0.56130447 0.21531905 0.5580062
 0.3266969  0.39253716 0.25823616 0.17239199 0.64861393 0.38771665
 0.65554039 0.33009513 0.27605317 0.38458838 0.14088585 0.19210663
 0.22516533 0.32781367 0.64229363 0.27864302 0.33999923 0.52427925
 0.57757628 0.25578284 0.29994601 0.54312754 0.20067173 0.1565272
 0.706066   0.53049053 0.40571876 0.31443333 0.53059887 0.41522655
 0.66836684 0.36052936 0.61474837 0.71926452 0.57211616 0.57551745
 0.14749459 0.16667067 0.20510714 0.53181883 0.23037691 0.56288724
 0.45196036 0.50633006 0.17443849 0.40588346 0.70817686 0.3301053
 0.36408881 0.60871486 0.78813679 0.44676463 0.49028461 0.17008301
 0.634594   0.21040901 0.54293139 0.82325889 0.16807669 0.52579803
 0.30838126 0.65011231 0.75916305 0.23509519 0.19879165 0.23339841
 0.56546221 0.68849557 0.62098405 0.53029061 0.58814135 0.25558674
 0.47351335 0.29254373 0.47946297 0.46394013 0.16572151 0.44820631
 0.11758749 0.77419388 0.19919756 0.73325847 0.16662274 0.38109022
 0.36709525 0.19815646 0.68415252 0.1030263  0.17969358 0.27693111
 0.24537905 0.57738006 0.54756685 0.20369238 0.25293039 0.15558125
 0.6006142  0.4790505  0.10701782 0.37894639 0.55264394 0.28843172
 0.63355258 0.62759591 0.35254971 0.32124028 0.28140328 0.62758434
 0.57624643 0.41459593 0.18971647 0.66201432 0.19460626 0.63927319
 0.20529081 0.6308734  0.47069563 0.58894596 0.32755424 0.16749792
 0.44859919 0.1767255  0.55857942 0.52366812 0.64363952 0.29956881
 0.21883945 0.63841118 0.21791516 0.64847939 0.18343553 0.21885832
 0.55523524 0.60506532 0.49171031 0.25249718 0.52369671 0.76645289
 0.21504915 0.2297519  0.59410586 0.30118625 0.27997501 0.68496903
 0.20066711 0.26325223 0.63919958 0.53284789 0.36099657 0.32557499
 0.82669357 0.69159575 0.17008981 0.16246109 0.47060377 0.29757384
 0.67796254 0.30760412 0.38567145 0.62292357 0.6962046  0.53468041
 0.21157267 0.44905496 0.64229801 0.48365599 0.59347244 0.54752625
 0.15701719 0.59828568 0.49454673 0.67660979 0.16577137 0.3626328
 0.67767802 0.28321352 0.79182123 0.33164694 0.80262708 0.14534514
 0.25262564 0.49566636 0.24915127 0.61143618 0.34427765 0.72110759
 0.38779317 0.59786708 0.33013549 0.55006384 0.42139386 0.66844905
 0.20379187 0.19831164 0.25850872 0.71423563 0.7015492  0.43789211
 0.31820651 0.56785529 0.26098665 0.67164852 0.2474688  0.43426569
 0.23627763 0.51147398 0.65483851 0.71963992 0.28922182 0.63917974
 0.33339539 0.23289737 0.27387179 0.77131298 0.63641298 0.49592412
 0.30226626 0.29418798 0.4901561  0.1068591  0.49982557 0.54641865
 0.25604176 0.19184516 0.25879642 0.66548961 0.302689   0.19724962
 0.24378003 0.70174979 0.34061806 0.24180274 0.1803372  0.58455673
 0.55021928 0.62651586 0.49045673 0.20184369 0.60368483 0.71654421
 0.14182541 0.11427386 0.5722193  0.58011758 0.10733166 0.29035758
 0.31856955 0.59375217 0.39879485 0.5690457  0.22784285 0.58706545
 0.61585988 0.64768877 0.50781347 0.25231811 0.61319953 0.2142386
 0.18386909 0.16008079 0.67651835 0.26350478]
Mean IHM: 0.41585045020320033
Hardness SD: 0.19783100865230321
Sanity: [[1.12212544 0.47923631]
 [1.0907707  0.50839699]]