db\datasets\DB-1.0.csv
[0.47653759 0.17300036 0.61569953 0.31302711 0.14735326 0.42169968
 0.45835548 0.55332639 0.45201509 0.74337918 0.66604568 0.30313352
 0.59826269 0.27337515 0.23451506 0.45669559 0.2025076  0.24633101
 0.4830875  0.40126394 0.38890884 0.73165573 0.62063271 0.59045569
 0.34932791 0.43620306 0.4235048  0.39629218 0.5516357  0.46069081
 0.38713802 0.33564865 0.31478805 0.52156266 0.41451502 0.30919509
 0.18168609 0.34529731 0.46002158 0.56693954 0.64498108 0.23530622
 0.46324895 0.55608923 0.26543823 0.31503662 0.42923434 0.23962209
 0.26871945 0.62294963 0.2475118  0.21792069 0.42939702 0.24575562
 0.53768531 0.15126958 0.57129028 0.56302452 0.38479464 0.57314735
 0.52911305 0.62240933 0.18117089 0.26745398 0.15817485 0.68825793
 0.2269744  0.30795901 0.47465447 0.56390657 0.47195836 0.61134944
 0.63398452 0.51934639 0.28943995 0.48884015 0.32360263 0.37527159
 0.46462059 0.42870504 0.45279062 0.36432156 0.63696997 0.29443877
 0.57537733 0.46912156 0.39618814 0.42161487 0.55615074 0.27799367
 0.32520815 0.29997084 0.73790395 0.32824543 0.55990218 0.29382957
 0.3064929  0.49661752 0.34913107 0.26641096 0.70317021 0.39320319
 0.40290329 0.30591611 0.5777417  0.63646323 0.43396197 0.38850154
 0.34438467 0.26525038 0.18278955 0.52800189 0.39090722 0.62694484
 0.23148809 0.64739672 0.35910844 0.49204831 0.26131748 0.66721515
 0.56327364 0.20419788 0.68777106 0.20715094 0.58087596 0.29750838
 0.4601827  0.33702215 0.4146146  0.3611865  0.48016357 0.67909294
 0.31213093 0.57622634 0.26662271 0.6343919  0.30665805 0.36926936
 0.29364484 0.70525323 0.48010905 0.55984963 0.44255538 0.65591641
 0.30642663 0.33051672 0.44430699 0.74503006 0.78441729 0.1978903
 0.12438594 0.58612073 0.20509375 0.76651877 0.42003681 0.52747472
 0.23262079 0.33329636 0.21891245 0.17974976 0.57770326 0.23643261
 0.5627198  0.49212123 0.3856125  0.3433533  0.73564667 0.61080299
 0.31439215 0.18753485 0.60074428 0.20129272 0.16259097 0.46210223
 0.51122027 0.71396575 0.22012692 0.32437706 0.69996376 0.47227568
 0.28103871 0.64189977 0.46405262 0.45730159 0.23514147 0.21896362
 0.45807365 0.20992982 0.77045369 0.51970106 0.56556615 0.2889377
 0.45126396 0.54647256 0.26589992 0.48306157 0.40008266 0.3319212
 0.16610652 0.37906226 0.61984495 0.20949288 0.50450918 0.30671251
 0.65181959 0.29320235 0.22084103 0.69718808 0.69188158 0.12558005
 0.40269307 0.7215336  0.32935548 0.72693245 0.52907688 0.2558615
 0.38997793 0.70009636 0.5489887  0.3010603  0.45830514 0.48384488
 0.40085065 0.37504087 0.70069338 0.6901027  0.50329935 0.33015145
 0.24455701 0.50115453 0.6390775  0.47872587 0.25614647 0.49451602
 0.51244077 0.45782351 0.33978785 0.74030406 0.44633663 0.50152254
 0.53278582 0.53131347 0.54943766 0.24456775 0.18379525 0.47781975
 0.42465287 0.30675469 0.36855182 0.27785675 0.76206159 0.20449865
 0.41016944 0.70189218 0.56571388 0.33439226 0.35683828 0.34061694
 0.56906791 0.35773115 0.37930926 0.68816328 0.29210747 0.60840194
 0.32060402 0.59006038 0.35456775 0.71716196 0.76548281 0.29606491
 0.2477044  0.44023392 0.50706589 0.32318275 0.54602619 0.7015979
 0.54507316 0.34786305 0.60338422 0.32006567 0.55569162 0.4180615
 0.4857727  0.18115724 0.75994471 0.53385704 0.36540598 0.1919852
 0.39741832 0.4854431  0.39669093 0.63322252 0.68225542 0.61191494
 0.20836505 0.61063276 0.22138172 0.55751937 0.44041573 0.29281514
 0.29453771 0.65993874 0.56472128 0.32431834 0.66602621 0.26118134
 0.45220091 0.59527424 0.29514811 0.19248133 0.31659078 0.26643026
 0.49309701 0.53861186 0.38299909 0.17036459 0.44108089 0.55931615
 0.33380034 0.14950319 0.55123513 0.32001626 0.51820589 0.3229831
 0.27522225 0.36151822 0.23921473 0.24021877 0.29328367 0.64508697
 0.34998157 0.6714365  0.37288032 0.23176518 0.60596103 0.10941164
 0.76737069 0.6042996  0.25373314 0.60291828 0.48469961 0.75115176
 0.56104807 0.55635801 0.23253831 0.35771995 0.28615507 0.48207254
 0.72723944 0.64227416 0.57071115 0.18653812 0.46305888 0.38910912
 0.4645774  0.50557769 0.43724437 0.42994783 0.54104346 0.42171894
 0.41648036 0.66866504 0.50098424 0.38219591 0.3711466  0.26822105
 0.4425297  0.51426881 0.66525081 0.40288685 0.46911137 0.57264017
 0.49373226 0.34889346 0.21814215 0.64641988 0.3137147  0.38031344
 0.07075924 0.29314007 0.51835985 0.51652808 0.30112029 0.42606025
 0.70016791 0.58461597 0.52048249 0.73761292 0.34532915 0.50404647
 0.25453694 0.76752525 0.6689873  0.34894862 0.48449822 0.49602979
 0.52677997 0.46286627 0.4217082  0.58387389 0.48855887 0.31956399
 0.13481908 0.4460261  0.41099421 0.28310351 0.4133246  0.43162213
 0.40078639 0.32139508 0.44560261 0.42549018 0.32551925 0.71677326
 0.55144691 0.75149937 0.29870777 0.23874639 0.62903956 0.31655157
 0.38640153 0.55381145 0.4814316  0.56177026 0.27783521 0.73928422
 0.39763039 0.50439638 0.34483892 0.56935707 0.535835   0.47456039
 0.6041007  0.17937276 0.2315329  0.24214558 0.57343595 0.18360474
 0.56807139 0.6541886  0.68117039 0.6975497  0.39969216 0.38142348
 0.27379952 0.27735249 0.41107811 0.24050194 0.64143158 0.18306906
 0.37575343 0.44397704 0.19781228 0.40566855 0.29333381 0.70932234
 0.26662817 0.2858889  0.40884884 0.38432359 0.73811102 0.54448427
 0.19739441 0.48620483 0.44045489 0.33625122 0.29531069 0.39005124
 0.30949371 0.63707484 0.28616996 0.27907776 0.49161349 0.59702172
 0.39977276 0.39669332 0.50138166 0.41749983 0.53387161 0.49443266
 0.51453288 0.3552367  0.57383746 0.4863595  0.7093387  0.41287789
 0.68708467 0.40701369 0.52990402 0.74653356 0.4946582  0.57400248
 0.46056586 0.22253952 0.33291987 0.72623324 0.65832279 0.42854379
 0.4704542  0.24317209 0.1630115  0.51882286 0.5089373  0.68773142
 0.36585185 0.27501351 0.38437116 0.44087994 0.46824328 0.70259854
 0.29587073 0.40603756 0.28578386 0.44448418 0.55119753 0.31558048
 0.46892281 0.32696739 0.16632793 0.57536573 0.67293854 0.26813046
 0.73821514 0.24298549 0.3114958  0.19185129 0.66758958 0.43365383
 0.38506722 0.52641191 0.47955232 0.52598869 0.52974335 0.3554609
 0.32844595 0.2491311  0.37602913 0.2535374  0.05784844 0.63440898
 0.64370291 0.59571687 0.27929423 0.41629101 0.32717226 0.45395846
 0.2565142  0.32024092 0.31043834 0.42039367 0.38132923 0.47468483
 0.54246868 0.26339133 0.67552827 0.25264352 0.3257935  0.38213085
 0.6104997  0.35834413 0.23729881 0.36420879 0.56296583 0.42189046
 0.19618176 0.60690741 0.75780076 0.29880126 0.74361891 0.31939632
 0.60486833 0.6800579  0.4557957  0.75520236 0.31351579 0.65957991
 0.80730618 0.36060591 0.17968593 0.23869687 0.13918808 0.70457174
 0.60592693 0.52321344 0.4877436  0.32364773 0.22959476 0.57067188
 0.62375196 0.58200171 0.1936971  0.74651312 0.31837547 0.62706624
 0.39772581 0.64785779 0.30998815 0.35490023 0.25881928 0.21755759
 0.58784216 0.56384169 0.7434938  0.42655657 0.60557332 0.32836869
 0.27719719 0.76475738 0.19583351 0.46970791 0.31749938 0.30233628
 0.37983289 0.21165824 0.55435407 0.65232367 0.23799323 0.71878112
 0.37218211 0.47261728 0.32621387 0.29746686 0.48057771 0.34004243
 0.62102843 0.45389776 0.69294173 0.59249054 0.45695645 0.65783672
 0.57673741 0.298087   0.38484889 0.74603103 0.30400706 0.53233326
 0.32605407 0.73395789 0.35584018 0.52585928 0.54719304 0.36680387
 0.23735293 0.17946342 0.59639686 0.389767   0.31347384 0.64287886
 0.28705924 0.60560721 0.42706238 0.43922991 0.42039971 0.63290754
 0.60426186 0.15428199 0.13201513 0.35977344 0.54782103 0.23595776
 0.46099328 0.23781256 0.29246753 0.42415731 0.48298124 0.48648016
 0.43569188 0.41138781 0.69149721 0.37488249 0.61647045 0.23341486
 0.57383226 0.55758304 0.18757752 0.41091893 0.32010079 0.45484617
 0.50467745 0.36771239 0.35921046 0.39519613 0.28114563 0.48102914
 0.60907374 0.32525874 0.60062371 0.44520831 0.47865903 0.34637761
 0.38553797 0.38249893 0.52689178 0.59494604 0.17066345 0.50926891
 0.57026384 0.64377147 0.46745437 0.06664821 0.51346171 0.25728839
 0.35281491 0.28441719 0.41653138 0.68131862 0.57029777 0.34512394
 0.82690057 0.67828209 0.42393342 0.2989712  0.14306183 0.33699894
 0.32238396 0.43782465 0.41341897 0.34636023 0.69578828 0.55225644
 0.29617251 0.60510985 0.54333799 0.50400814 0.37910767 0.54936529
 0.24873792 0.57460866 0.68974897 0.40461171 0.66659588 0.41055162
 0.4825049  0.77655709 0.23579156 0.50656218 0.30596962 0.51616808
 0.45560042 0.31028972 0.35393439 0.23529713 0.62262832 0.54575636
 0.6364654  0.47983085 0.38392109 0.53898987 0.18199097 0.26521637
 0.32223447 0.46491154 0.61190656 0.38187958 0.47039995 0.46309864
 0.52937863 0.37268056 0.41237086 0.49042315 0.27160398 0.20431039
 0.69660093 0.47057445 0.55914697 0.45528056 0.48260953 0.32499427
 0.64477003 0.5093967  0.58494235 0.71772572 0.53502854 0.524148
 0.19333173 0.22643535 0.28101402 0.47755008 0.31356094 0.51706815
 0.37878179 0.44910884 0.24118017 0.3234075  0.69812989 0.45527998
 0.52292222 0.56961483 0.7802809  0.37385624 0.43067028 0.22919266
 0.61260384 0.28489451 0.4982591  0.85184264 0.23052585 0.47957159
 0.42125556 0.62882608 0.75232679 0.33601272 0.28168526 0.32143646
 0.51865175 0.66576831 0.59535575 0.48192476 0.54188858 0.36814293
 0.40683266 0.40288612 0.41382914 0.39278831 0.2207359  0.37857366
 0.16022358 0.76948908 0.28248985 0.73520743 0.22600731 0.53651995
 0.27977082 0.27261197 0.67169983 0.11272474 0.24331003 0.40026044
 0.35519162 0.52734292 0.50313467 0.28074385 0.35005701 0.21039563
 0.55953719 0.41416947 0.14639298 0.5241024  0.50260638 0.39890881
 0.60994762 0.6034333  0.49213508 0.4523817  0.41113995 0.59743584
 0.51482497 0.58348355 0.25626594 0.63690733 0.26677874 0.61835184
 0.27762481 0.5996402  0.4045495  0.54291151 0.45367574 0.22573717
 0.61258515 0.24497386 0.50304161 0.46720773 0.61592079 0.41494442
 0.30025511 0.62034983 0.30055493 0.62588215 0.25203464 0.30391812
 0.5123857  0.57408029 0.42535352 0.36185353 0.47053813 0.78905357
 0.30068435 0.31734979 0.56229707 0.42129415 0.38492338 0.67032068
 0.27139487 0.38400146 0.60597788 0.48580785 0.50202626 0.45089787
 0.8534972  0.68015338 0.22954186 0.21847956 0.39956823 0.41164915
 0.65787717 0.44890629 0.54652278 0.58491841 0.6669598  0.47496928
 0.28640429 0.37028151 0.62153326 0.42375455 0.56200446 0.48986965
 0.22257147 0.55295037 0.43698868 0.65966863 0.22669008 0.52164208
 0.66411173 0.39061762 0.78834371 0.47004057 0.82497951 0.20133781
 0.34572909 0.42813547 0.36092882 0.57854446 0.47588316 0.71332132
 0.53829982 0.56710756 0.47910611 0.50013185 0.58620506 0.64686698
 0.28078028 0.27066493 0.35748192 0.70587114 0.68354149 0.36371721
 0.45985776 0.52913082 0.35721552 0.65105542 0.33778834 0.59285997
 0.33375509 0.44659207 0.62902229 0.71014463 0.41955157 0.61791764
 0.47844698 0.31721364 0.38116969 0.78396095 0.60244474 0.43452071
 0.42546904 0.42149522 0.42181684 0.14664672 0.43251125 0.48981923
 0.34933099 0.27037326 0.37534237 0.64187374 0.43181488 0.2786046
 0.33232676 0.68643329 0.27382725 0.32976092 0.24939933 0.538453
 0.5079192  0.59970141 0.42391105 0.27839955 0.5715519  0.71066567
 0.18486803 0.14051906 0.52642047 0.53114557 0.12913983 0.42131272
 0.42762351 0.55781703 0.55264966 0.5181642  0.31524361 0.54037178
 0.58477092 0.61772742 0.45434985 0.34698526 0.58581602 0.29098981
 0.25480563 0.21593826 0.66134939 0.38495442]
Mean IHM: 0.4437146601199838
Hardness SD: 0.16067165605263206
Sanity: [[1.42339572 0.95847262]
 [1.36693409 1.01679398]]