db\datasets\DB-0.15.csv
[0.22605243 0.15743936 0.6508114  0.53289644 0.14104703 0.19935718
 0.60641481 0.61033988 0.20922534 0.68591394 0.65896354 0.18603918
 0.6118247  0.18189578 0.16889633 0.20474758 0.15140209 0.18897368
 0.59634701 0.1658892  0.55948017 0.69995988 0.57874069 0.61768429
 0.20179869 0.59073334 0.1961069  0.20530414 0.64559629 0.60336404
 0.20556858 0.17819313 0.19020554 0.60391198 0.59274042 0.17114276
 0.16105232 0.17592288 0.57458692 0.63691103 0.63150887 0.17026415
 0.58502844 0.6024967  0.16808592 0.19154843 0.59522625 0.17268222
 0.16974046 0.62609782 0.16694235 0.1637987  0.58787287 0.17131748
 0.59838327 0.15415838 0.60674437 0.25175027 0.20173427 0.63839101
 0.59509723 0.63347131 0.15350801 0.16606993 0.14808015 0.6684051
 0.15821574 0.17759157 0.20403637 0.63551922 0.20979034 0.24048813
 0.62635067 0.60076202 0.17132943 0.2205965  0.17602145 0.19415064
 0.60656167 0.57171196 0.6056623  0.19607107 0.65432007 0.17103673
 0.60293311 0.2281345  0.21468442 0.57143911 0.60696447 0.17415967
 0.19779071 0.18048073 0.6841745  0.19526432 0.2222038  0.52863774
 0.19312994 0.23650375 0.20393847 0.19203212 0.6881147  0.19530704
 0.58969811 0.19343902 0.6377544  0.62715551 0.59758178 0.18867591
 0.20339957 0.1825422  0.14222316 0.24254452 0.20282651 0.64365564
 0.09126675 0.63218812 0.18248677 0.6595557  0.51632478 0.64084588
 0.63441347 0.15695903 0.67112621 0.1588291  0.6172904  0.18534278
 0.60441117 0.1766348  0.19945969 0.1858678  0.2281591  0.6646722
 0.1746174  0.6315946  0.18719916 0.26590968 0.14232184 0.21052301
 0.53490044 0.67457924 0.20519131 0.63586812 0.58933827 0.66149766
 0.18413642 0.18583005 0.57359715 0.69859976 0.66711259 0.14044253
 0.13873972 0.61213493 0.1534524  0.74785578 0.57291349 0.66568988
 0.14350586 0.20062694 0.17231744 0.15460017 0.60990858 0.17207203
 0.22560422 0.61368091 0.21239716 0.15107526 0.67106298 0.62011015
 0.18893817 0.15078659 0.62510101 0.15274894 0.34569289 0.60498121
 0.61918486 0.65543815 0.16665673 0.199974   0.6494044  0.58164027
 0.15367123 0.64438399 0.21249881 0.57705704 0.16029319 0.16231587
 0.59558975 0.1616915  0.67912793 0.23732847 0.60668251 0.16443908
 0.54717506 0.22820197 0.17596702 0.5888981  0.18981408 0.17418969
 0.14774862 0.20215917 0.63057093 0.16154336 0.61678726 0.17730818
 0.66616806 0.18148003 0.1863432  0.65162131 0.67035509 0.13599132
 0.58453264 0.68025326 0.5428761  0.73778361 0.62368602 0.16330126
 0.18764694 0.67318402 0.62410913 0.18794008 0.57792972 0.60773266
 0.19190517 0.56157456 0.64968229 0.65749431 0.59351171 0.17784566
 0.52780635 0.23187189 0.6564739  0.59731795 0.18050453 0.59767656
 0.23347885 0.21686279 0.1869115  0.67465794 0.22570339 0.22676563
 0.62651487 0.62809907 0.60029008 0.16531089 0.13680317 0.6179352
 0.19934162 0.19607944 0.18453551 0.17913499 0.68926751 0.15612617
 0.56499311 0.67200792 0.63744663 0.17948304 0.18801017 0.20241302
 0.60633927 0.2030063  0.21462374 0.6463884  0.17487116 0.61526943
 0.18690664 0.22998018 0.5519561  0.65714395 0.6847963  0.17482357
 0.17659386 0.57602594 0.5158793  0.19228438 0.60685811 0.68540071
 0.60231257 0.20413667 0.62938714 0.46002481 0.22010239 0.19476552
 0.54945953 0.12953392 0.68738909 0.23383638 0.19558133 0.1508893
 0.19236028 0.62659202 0.49269061 0.65001629 0.66277214 0.62567507
 0.14713448 0.64866565 0.17221513 0.62209118 0.24750844 0.1677134
 0.19066335 0.64852068 0.60564908 0.54424512 0.63981287 0.16747675
 0.60431309 0.61485617 0.17213294 0.15426011 0.18624434 0.17084441
 0.2097053  0.60173236 0.20714659 0.14617135 0.19751869 0.61592352
 0.20053729 0.14252067 0.60084608 0.18478366 0.59147348 0.19179305
 0.16897241 0.1962169  0.51554865 0.52290192 0.17628477 0.65110714
 0.20466848 0.64948223 0.25222469 0.15869426 0.61953915 0.08471764
 0.67846879 0.61685978 0.15948221 0.59672762 0.61469779 0.68347735
 0.60652867 0.63396951 0.18708295 0.54636792 0.16154596 0.60362235
 0.69538658 0.63660582 0.60974202 0.15039005 0.20143661 0.20207758
 0.21273452 0.61832871 0.57511427 0.49297195 0.63069026 0.57604788
 0.21953615 0.6599272  0.61704999 0.18626642 0.55005072 0.1678603
 0.22481106 0.60340135 0.663797   0.62288348 0.58946147 0.63215905
 0.59113608 0.15676827 0.16714016 0.63412645 0.18027242 0.20327421
 0.11990605 0.19031876 0.6173964  0.49806814 0.21347788 0.19489338
 0.66828947 0.62276814 0.61184831 0.67044774 0.19230147 0.60939118
 0.17912568 0.71908521 0.63957038 0.17391083 0.60255029 0.61825609
 0.61294291 0.5948271  0.21469357 0.6157388  0.58553299 0.54536028
 0.13910299 0.60206797 0.24941794 0.17056635 0.59197219 0.57915063
 0.21126249 0.18340955 0.21149912 0.59431276 0.17708838 0.66202754
 0.60084621 0.68826995 0.17942883 0.17986832 0.6363913  0.55526667
 0.18701599 0.27145413 0.23228205 0.21875757 0.17128633 0.68136734
 0.21255959 0.6070109  0.20291091 0.61139769 0.60476649 0.57931185
 0.63738304 0.16238095 0.17277694 0.16681228 0.62491321 0.17469154
 0.61955511 0.6565052  0.65066317 0.60578687 0.56669743 0.552397
 0.17806415 0.18030425 0.21716907 0.16002843 0.62223264 0.15937484
 0.19095345 0.53979928 0.15209739 0.20986623 0.18883504 0.69317868
 0.17704363 0.18770822 0.20359309 0.2131881  0.70057501 0.60409207
 0.13350156 0.5820164  0.19321333 0.18566222 0.174719   0.55921169
 0.17492679 0.65245361 0.17880486 0.19378176 0.59628968 0.61573811
 0.21482585 0.5597259  0.23750806 0.58682538 0.24385574 0.61055857
 0.21587849 0.55157528 0.60802435 0.58255301 0.67498415 0.56215679
 0.6657883  0.58502884 0.60424103 0.73400646 0.61275626 0.61337964
 0.59866181 0.15756693 0.19192873 0.68204771 0.63065831 0.22211386
 0.60950846 0.16035727 0.11275429 0.60379592 0.60746146 0.64587951
 0.56006619 0.17589665 0.18926249 0.21954107 0.2023738  0.67098745
 0.1847436  0.49668973 0.20740051 0.60248667 0.6335248  0.18799617
 0.58894744 0.17734362 0.13275746 0.61833667 0.65998233 0.1701265
 0.68380443 0.16506391 0.18147404 0.15491914 0.6382432  0.59423745
 0.20678243 0.62518263 0.58249018 0.60865636 0.61556733 0.52269974
 0.19926709 0.16229212 0.18566014 0.17898931 0.12621641 0.62779088
 0.6521778  0.64367523 0.1689421  0.57191494 0.18236305 0.60422769
 0.18016611 0.19747598 0.19428874 0.59551492 0.20852812 0.57420699
 0.60065141 0.15789941 0.65619427 0.18004427 0.19389485 0.20981987
 0.62399129 0.56488991 0.17425325 0.19234294 0.65824251 0.19349812
 0.13904799 0.61767766 0.67563745 0.16810139 0.64880153 0.18149854
 0.63534177 0.64414914 0.57339618 0.67342977 0.19456048 0.6431235
 0.70352318 0.56113304 0.14050655 0.17280725 0.13984306 0.69799353
 0.6687185  0.62033232 0.22369157 0.18577615 0.1640007  0.60735599
 0.63030668 0.61055082 0.16983627 0.69031398 0.19592156 0.64661384
 0.18999987 0.65456839 0.18994293 0.20583241 0.53926335 0.16434512
 0.61349171 0.63605418 0.67440175 0.59522684 0.62833779 0.1799421
 0.19107244 0.6893795  0.15662948 0.20417961 0.19688751 0.17801655
 0.19740388 0.50783571 0.63277899 0.64900688 0.16077559 0.65756916
 0.202263   0.22286321 0.17831132 0.19155596 0.20544128 0.18485915
 0.62340004 0.57310468 0.65801988 0.67280387 0.22814709 0.63711251
 0.63969943 0.1916665  0.19692052 0.67808422 0.19161909 0.62035503
 0.19894593 0.68730869 0.19674245 0.62518127 0.57695239 0.20848934
 0.17319851 0.15852512 0.63470529 0.54243965 0.20623935 0.65113055
 0.17682746 0.62043499 0.21667504 0.58757744 0.20063358 0.63729239
 0.61685396 0.14595284 0.14297027 0.18263852 0.61945214 0.15346402
 0.22678292 0.16011299 0.17134392 0.20722638 0.6004296  0.59261749
 0.58201044 0.59184405 0.27857027 0.57473737 0.55736567 0.16033501
 0.63336796 0.60786412 0.15945601 0.19795692 0.17946079 0.5966755
 0.55042185 0.19232737 0.5688891  0.19804083 0.17764719 0.61398468
 0.62799402 0.17598602 0.63613123 0.57969757 0.58133845 0.20097614
 0.19925761 0.19292457 0.22169424 0.64529391 0.14919843 0.62158266
 0.61489299 0.65067913 0.58862105 0.11788699 0.59543816 0.16367845
 0.20535847 0.18047391 0.19274396 0.6425518  0.6064772  0.54186631
 0.68162786 0.64884805 0.21105331 0.17436107 0.152971   0.19749422
 0.17549188 0.22385723 0.56932179 0.1909371  0.66138083 0.63117682
 0.17087197 0.62997929 0.60035393 0.23723894 0.1860817  0.62824893
 0.1603418  0.60915735 0.65910027 0.19177151 0.66351219 0.21180209
 0.21782452 0.69265565 0.16016502 0.62000657 0.17747069 0.59510539
 0.21804666 0.53147686 0.20207281 0.16080506 0.64226337 0.23015494
 0.63291234 0.20461564 0.19974652 0.24639223 0.15405426 0.17467358
 0.1797292  0.22830432 0.65338709 0.21137024 0.22855972 0.60221932
 0.61934749 0.18451449 0.21806015 0.59645665 0.18369114 0.16569515
 0.65036207 0.60438775 0.2676064  0.2067091  0.58255716 0.56661778
 0.65841707 0.2367402  0.62227391 0.66731743 0.59746551 0.62537058
 0.15594342 0.16196983 0.17576072 0.59795487 0.19401564 0.59843808
 0.5818467  0.57991641 0.16083553 0.54304462 0.6730909  0.22738561
 0.21669447 0.62947803 0.74345954 0.5767166  0.56995662 0.17315319
 0.61978185 0.18834937 0.58689197 0.71356575 0.15876568 0.56230856
 0.25258333 0.63451124 0.7005836  0.16483074 0.16833347 0.18657537
 0.60353399 0.68206998 0.61662899 0.58313299 0.62530867 0.1915515
 0.5738218  0.21371179 0.57275896 0.58269989 0.16709253 0.55278476
 0.13686718 0.70503669 0.16824638 0.6754109  0.16149971 0.22832153
 0.52191105 0.16895324 0.6391234  0.15332134 0.17279747 0.19796298
 0.18391977 0.6238261  0.57950192 0.18378456 0.19258871 0.16177644
 0.62567916 0.5707906  0.12692407 0.24127569 0.59887293 0.20891557
 0.62390587 0.61920318 0.22617175 0.20939859 0.19163138 0.62896702
 0.65584344 0.23087338 0.17999703 0.65481008 0.16964833 0.62131608
 0.18685638 0.63489082 0.56947859 0.62559713 0.22329764 0.17183232
 0.27071373 0.16161539 0.61945476 0.587812   0.64072716 0.2124392
 0.18191175 0.61419125 0.17766845 0.6370258  0.17009768 0.17356916
 0.59478834 0.61533068 0.58871073 0.1931952  0.58762609 0.66678969
 0.1849974  0.20059883 0.60610156 0.20631555 0.20958185 0.64947937
 0.18439838 0.1866981  0.64824063 0.58254144 0.23164177 0.22262921
 0.72183679 0.64312991 0.17123035 0.1609779  0.58769305 0.21254901
 0.6612856  0.19855719 0.23093454 0.64187774 0.70922397 0.60782007
 0.18915406 0.57239011 0.62411257 0.56436622 0.60448947 0.61441889
 0.12745686 0.63352363 0.5694712  0.64887112 0.15795835 0.21491025
 0.63654796 0.20865985 0.71761839 0.22974353 0.70677691 0.13332241
 0.2005618  0.59629448 0.18519596 0.62727399 0.23073372 0.65911115
 0.24085853 0.60711441 0.20629685 0.59601777 0.24709494 0.65414402
 0.17094648 0.17512624 0.21772287 0.65413905 0.6813634  0.55318338
 0.2090904  0.5973117  0.20438522 0.65621099 0.20011598 0.27702607
 0.19286133 0.60176669 0.64860001 0.66680267 0.19929213 0.62237039
 0.21790314 0.19470406 0.19829579 0.69449829 0.64695322 0.57632244
 0.20260115 0.21034737 0.59426561 0.14153993 0.59926631 0.61036588
 0.20454489 0.16597953 0.18864184 0.65533308 0.19439791 0.16869655
 0.19934681 0.67160165 0.48021052 0.19807473 0.15534427 0.621256
 0.58841085 0.62617997 0.58480661 0.18213921 0.61705041 0.67351073
 0.15227824 0.13944648 0.60787623 0.62389866 0.13666266 0.19941097
 0.27116768 0.60648141 0.24506176 0.61755709 0.18057011 0.62529524
 0.62704439 0.65804678 0.572988   0.1968133  0.61358925 0.18755681
 0.16707073 0.1673565  0.64187845 0.16614396]
Mean IHM: 0.40268111218381714
Hardness SD: 0.21844635140864188
Sanity: [[1.01214554 0.1437709 ]
 [1.00279347 0.1525191 ]]