db\datasets\DB-0.8.csv
[0.43333581 0.15323366 0.62893221 0.3322572  0.13054447 0.37655552
 0.47503368 0.56797502 0.40929483 0.74963047 0.67658818 0.27077882
 0.61073168 0.24300776 0.20678991 0.41015726 0.17734584 0.21795228
 0.49944021 0.35914716 0.40636317 0.74139717 0.62995252 0.60247435
 0.31397963 0.45322898 0.38204359 0.35762334 0.5658766  0.47734863
 0.349174   0.29617006 0.27804958 0.53541985 0.43080675 0.27610109
 0.16082174 0.30927664 0.47512703 0.58194596 0.65612871 0.20748225
 0.47871138 0.56873324 0.2357512  0.28190025 0.44573716 0.21146858
 0.23878812 0.63463614 0.21906963 0.19129925 0.44591214 0.21730558
 0.5525442  0.13470207 0.58360637 0.51593686 0.34210801 0.58794987
 0.54240008 0.63389649 0.15987842 0.23762454 0.1401076  0.69873246
 0.19925928 0.27127878 0.42765403 0.57898741 0.4277362  0.56683256
 0.64526651 0.53317278 0.25450246 0.44431255 0.28520134 0.33302408
 0.48128962 0.44502653 0.46945823 0.32766965 0.64832459 0.25891012
 0.58869097 0.42659043 0.35798425 0.4380421  0.5689006  0.24738516
 0.29144558 0.26779599 0.74449418 0.29423993 0.5133464  0.31359859
 0.27393745 0.4528716  0.31384816 0.23556397 0.71331876 0.35420301
 0.41897173 0.27339805 0.5923257  0.64771527 0.45050916 0.34508444
 0.30941454 0.23535404 0.15920188 0.48276151 0.35251977 0.63842592
 0.20226534 0.65851854 0.31771503 0.51029913 0.28156489 0.67812956
 0.57834363 0.17967153 0.6982283  0.18133198 0.5931359  0.26243443
 0.47684848 0.3017588  0.36986269 0.3197538  0.43687304 0.68903248
 0.27484627 0.58896588 0.2354407  0.58587226 0.27240264 0.32823082
 0.305887   0.71382957 0.4330144  0.57509599 0.45913749 0.66725142
 0.27027203 0.291904   0.46003332 0.75479752 0.78616891 0.17352151
 0.11114924 0.59816056 0.18020234 0.77524152 0.43682139 0.5440126
 0.20558304 0.29902749 0.1932685  0.15874913 0.58991214 0.20830431
 0.51615749 0.50862476 0.34805616 0.30584889 0.74621897 0.62241549
 0.27762685 0.16508773 0.61262103 0.17691458 0.17080574 0.47876755
 0.52747675 0.72475897 0.1939332  0.2871473  0.7107815  0.48719462
 0.2498954  0.65329661 0.41737395 0.47368026 0.20642962 0.19236573
 0.47431294 0.18487876 0.78163464 0.47225349 0.57803455 0.25737676
 0.46713612 0.49935199 0.23609863 0.49926845 0.35593992 0.29699112
 0.14261922 0.3415479  0.63136115 0.18449569 0.52085616 0.27015332
 0.66292827 0.2615222  0.1958567  0.70510188 0.7012115  0.11197192
 0.41881735 0.73168656 0.34851188 0.73659814 0.544991   0.22457761
 0.34642867 0.70897907 0.5642717  0.26572752 0.47468651 0.50037275
 0.35671751 0.39071869 0.71151003 0.70070679 0.51915005 0.29118706
 0.2524235  0.45673463 0.65122347 0.49516211 0.22681773 0.50921527
 0.46501822 0.41142334 0.30470558 0.74615886 0.40521495 0.45663984
 0.54866505 0.54727307 0.56222413 0.2163537  0.16047979 0.49430821
 0.37935544 0.2712441  0.3264686  0.24476079 0.76698417 0.17987253
 0.4269643  0.71057903 0.58078593 0.29509308 0.31586515 0.30588359
 0.58143451 0.32182101 0.33760821 0.69897978 0.2604612  0.62044318
 0.28699815 0.54465425 0.36970888 0.72794312 0.77615623 0.26056
 0.21896759 0.45626442 0.51984021 0.2894857  0.56085103 0.71178577
 0.55804773 0.31267141 0.61636541 0.33481618 0.50905251 0.37300473
 0.50081626 0.15836782 0.76493335 0.48746024 0.32864877 0.16887204
 0.35351718 0.50202506 0.4121148  0.6446221  0.69187308 0.62354958
 0.18305199 0.62404659 0.19537713 0.57240894 0.39576117 0.26100041
 0.26275183 0.67084815 0.57719133 0.34379106 0.67695826 0.2294688
 0.4688633  0.6071449  0.25959894 0.1676124  0.28327031 0.23425605
 0.44583311 0.55178131 0.34541287 0.15025134 0.39501152 0.57220049
 0.29949628 0.13244738 0.56398181 0.28640995 0.53175004 0.28929236
 0.24184403 0.32508868 0.26019803 0.24791858 0.25817989 0.65623478
 0.31465705 0.6822304  0.33369822 0.20341528 0.6183487  0.09411453
 0.77122471 0.6160081  0.22495565 0.61437192 0.50130915 0.76151773
 0.5736413  0.57167498 0.20594161 0.37581293 0.25476593 0.49856261
 0.73708105 0.65343764 0.58310086 0.16421582 0.41631052 0.34611332
 0.41788563 0.52193268 0.45336144 0.44474566 0.55678351 0.43816069
 0.37708443 0.67907916 0.51740074 0.33914492 0.3888536  0.23833216
 0.40161617 0.52839304 0.67608901 0.42383137 0.48453077 0.5872476
 0.50818539 0.31127602 0.19226481 0.65700558 0.27655537 0.34275528
 0.06513242 0.26144402 0.53440957 0.52788913 0.26731572 0.38060257
 0.70878099 0.59687877 0.53633867 0.74344141 0.30999811 0.52025579
 0.22534085 0.77681983 0.67991314 0.31249198 0.50093697 0.5125453
 0.54077179 0.479436   0.38166828 0.59602598 0.50298665 0.33932463
 0.11990751 0.46266072 0.36840787 0.24886779 0.42960014 0.44821414
 0.36209098 0.28358978 0.39958495 0.4419499  0.28697714 0.7237715
 0.56418732 0.75722921 0.26315901 0.21080891 0.64041712 0.33712133
 0.34307779 0.5065727  0.43836797 0.51195595 0.24427456 0.74560524
 0.35441821 0.51908195 0.30982785 0.58181916 0.5509818  0.48928338
 0.61738906 0.15895284 0.20378542 0.21289702 0.58774206 0.1633614
 0.58241841 0.66539195 0.69190295 0.70272216 0.41706975 0.39880334
 0.24345599 0.2467529  0.36711091 0.2126737  0.6517282  0.16188016
 0.33334605 0.45980614 0.17390726 0.36653946 0.25895268 0.71935331
 0.236763   0.25466787 0.36910832 0.34215    0.74781997 0.55752772
 0.17330161 0.50058095 0.39730939 0.29706507 0.25988604 0.40610587
 0.27250679 0.64840746 0.25497976 0.24673133 0.50780699 0.6088653
 0.36132228 0.4128568  0.45740551 0.43388191 0.48838638 0.51084943
 0.46769043 0.37376798 0.58611136 0.50075145 0.71763121 0.4293936
 0.69651747 0.42322554 0.54345916 0.7557074  0.51005003 0.58637503
 0.47718721 0.19540555 0.29851094 0.73635616 0.66791084 0.38844421
 0.48712165 0.2151531  0.14223561 0.53451066 0.52499028 0.69855742
 0.38442343 0.24207281 0.34126285 0.39526979 0.42137294 0.71117768
 0.26095194 0.42143528 0.2534608  0.4611106  0.56668395 0.27863488
 0.48432566 0.29258769 0.14421142 0.58780429 0.6830627  0.2356988
 0.7447597  0.21487962 0.27847078 0.16695765 0.67853757 0.45020297
 0.34731304 0.54243466 0.49421143 0.5415928  0.54542463 0.37095666
 0.29448386 0.21866395 0.33341014 0.22440065 0.05451699 0.64568352
 0.65536352 0.60810047 0.24542065 0.43319356 0.28872256 0.47062413
 0.22717609 0.28680529 0.2776284  0.43676908 0.34392214 0.49073419
 0.55548062 0.23385318 0.68527427 0.22351869 0.29193773 0.34471835
 0.62214803 0.3775873  0.20919878 0.32278895 0.5772195  0.37661007
 0.17198214 0.61857365 0.76871571 0.26649716 0.74767801 0.28575978
 0.61802826 0.69090039 0.47102158 0.75976985 0.2771604  0.6697455
 0.80925484 0.37949537 0.15636723 0.21058743 0.12361669 0.71465671
 0.61863481 0.53920619 0.44058738 0.28573126 0.20188933 0.5830157
 0.63519294 0.59411529 0.1715985  0.75654567 0.28505143 0.63947495
 0.3537366  0.65937192 0.27718564 0.31926653 0.2807184  0.19157896
 0.59986138 0.57894216 0.75408441 0.44302635 0.61737785 0.28968038
 0.2449165  0.7694638  0.1725273  0.42281025 0.28423961 0.26629978
 0.34202864 0.21670164 0.56970763 0.66327699 0.2089228  0.72957219
 0.33518993 0.4294441  0.28766143 0.26549172 0.4334755  0.30486556
 0.63248523 0.46918941 0.70152909 0.60594146 0.41526174 0.66884119
 0.59143297 0.26607224 0.34197488 0.75162012 0.27161243 0.54806559
 0.2922476  0.74397801 0.31986296 0.54189651 0.56079057 0.33042284
 0.2091712  0.15877067 0.60997621 0.4058352  0.27779898 0.65454086
 0.2558017  0.61805718 0.38675043 0.45593013 0.37535586 0.64421871
 0.61597103 0.13669127 0.11780992 0.31833048 0.56122287 0.20856764
 0.41892802 0.20872455 0.25718113 0.3790806  0.49831092 0.50129567
 0.45225105 0.42762553 0.64251442 0.39396292 0.62482886 0.2060502
 0.58843095 0.57031147 0.16243852 0.36634118 0.28222763 0.47129902
 0.51906644 0.32600023 0.37417776 0.35162341 0.24755891 0.49766575
 0.62167382 0.28668968 0.61268606 0.46171217 0.49330468 0.3112164
 0.34738035 0.34423588 0.47955371 0.60901733 0.15070715 0.52561219
 0.58277672 0.65535589 0.48290626 0.06156581 0.52731574 0.22584342
 0.31731261 0.25060305 0.37151151 0.69219379 0.58263468 0.36350647
 0.82594884 0.68904962 0.37897681 0.26311175 0.12772606 0.30241995
 0.28408002 0.39717999 0.43030815 0.31090335 0.70434914 0.56763703
 0.26043832 0.61694819 0.5580398  0.45984067 0.33627453 0.56476085
 0.22032354 0.58688326 0.70032823 0.36024394 0.67733033 0.37116681
 0.43819688 0.78047132 0.20698251 0.52292905 0.26950066 0.52990985
 0.41329248 0.32954595 0.31826747 0.20779794 0.6350982  0.4982308
 0.64770997 0.43274136 0.34591567 0.49158063 0.16060944 0.23343073
 0.28415506 0.41847817 0.62397383 0.34454539 0.42781166 0.47973965
 0.54517311 0.33027544 0.37318773 0.50664427 0.24131131 0.18035134
 0.70736739 0.48719298 0.5119374  0.40881198 0.4971492  0.34596206
 0.65665947 0.46201709 0.59718606 0.7249502  0.54819059 0.54023357
 0.17035489 0.19944166 0.25018872 0.49300526 0.28054413 0.5326569
 0.39423938 0.46494269 0.21168197 0.34284221 0.70715177 0.41364995
 0.475616   0.58425755 0.78894491 0.38923909 0.44681044 0.20153501
 0.62418259 0.25372656 0.51236558 0.85063037 0.20235198 0.49520046
 0.3780644  0.64019746 0.76208267 0.3002268  0.2474905  0.28776154
 0.53433738 0.67667551 0.60724589 0.49651602 0.55745393 0.32636392
 0.42310947 0.36416037 0.43089505 0.40868498 0.19448403 0.39610587
 0.13799989 0.77930753 0.24819447 0.7415145  0.19864117 0.48941177
 0.2996715  0.24239762 0.68262837 0.10227821 0.21428815 0.3563459
 0.314189   0.54330845 0.51859231 0.24757486 0.31437258 0.18424786
 0.57446724 0.43110704 0.12558568 0.47899442 0.51861024 0.36023241
 0.6216063  0.61518007 0.44785319 0.40964691 0.36638923 0.61071991
 0.53150245 0.53766912 0.22694683 0.64910726 0.23698673 0.62984333
 0.24691538 0.61305911 0.42080598 0.5584511  0.41188225 0.19830807
 0.56706524 0.21501595 0.51946328 0.48364176 0.62870593 0.37527083
 0.26807347 0.63160455 0.26830097 0.63732617 0.22167325 0.27132372
 0.52625626 0.58649127 0.44182949 0.32067027 0.48580699 0.79039582
 0.26522565 0.28091573 0.57484477 0.38075582 0.34730119 0.68112264
 0.2410998  0.34083584 0.61961651 0.50022086 0.4575286  0.40925559
 0.85259884 0.69101497 0.20196768 0.19214639 0.41557815 0.37222493
 0.66907542 0.4025619  0.49935317 0.59933085 0.67830581 0.49159061
 0.25513434 0.38943548 0.63298451 0.43990654 0.57452518 0.50641496
 0.19636003 0.56837586 0.45282558 0.67057993 0.19899805 0.47435154
 0.67509223 0.35254097 0.79799906 0.42345391 0.82561963 0.17694962
 0.31060352 0.44462103 0.31949071 0.59109322 0.43307919 0.72398826
 0.4922768  0.57954246 0.43202708 0.51612713 0.53801881 0.65842324
 0.24996012 0.24056015 0.31787585 0.71660967 0.69403056 0.38195658
 0.41326822 0.54248616 0.32138225 0.66210989 0.30320588 0.54638374
 0.29517416 0.46322896 0.64140656 0.72057888 0.37452057 0.62942023
 0.43143816 0.28395759 0.34330563 0.78736098 0.61621148 0.45101348
 0.38433951 0.37665628 0.43822384 0.12406117 0.44903814 0.50630516
 0.31404815 0.23741477 0.3328813  0.65379687 0.38951189 0.24479986
 0.29810443 0.69690306 0.28659456 0.29569425 0.22097235 0.55401602
 0.52172374 0.61161934 0.44119341 0.24541876 0.58407552 0.7187773
 0.16292705 0.12470617 0.54198829 0.54700608 0.11499378 0.37619029
 0.38485812 0.57212622 0.50615258 0.53422262 0.2819098  0.55598644
 0.59711892 0.6297037  0.46961701 0.31166976 0.59788478 0.25944917
 0.22389134 0.18920251 0.67228692 0.34449183]
Mean IHM: 0.43288831369385844
Hardness SD: 0.17507900401659202
Sanity: [[1.28777813 0.7667781 ]
 [1.24029992 0.81343519]]