db\datasets\DB-0.2.csv
[4.30691244e-07 2.64711790e-08 6.68012952e-04 1.02988551e-08
 1.58051275e-07 5.59115768e-06 8.38377312e-10 1.89241600e-08
 7.38123867e-06 2.89881864e-06 2.02538168e-06 2.06194524e-02
 1.11064124e-04 2.44955048e-02 3.01984611e-05 1.66224718e-03
 2.20789691e-06 1.49076729e-06 1.48134259e-02 1.23114308e-08
 2.04434382e-07 5.18866178e-05 7.80360837e-05 1.65285807e-09
 1.15351337e-02 1.48213804e-04 1.66465956e-07 4.79300662e-06
 8.65423061e-02 2.07221123e-06 2.52717241e-04 4.52700142e-04
 1.47285947e-05 1.82982507e-06 2.91994598e-03 4.64697292e-09
 2.69481739e-03 8.91829144e-09 3.65301490e-03 3.58603882e-05
 1.35410926e-06 7.84232512e-10 8.84678004e-07 4.45429089e-07
 4.79802407e-07 2.38677633e-10 2.14355400e-09 1.10635508e-05
 2.01913301e-03 5.63735603e-07 1.35663316e-05 9.31323412e-02
 4.23721325e-09 1.46491940e-06 5.63150055e-07 6.14119754e-04
 6.55113608e-07 1.14921585e-06 9.83889598e-07 1.56058655e-06
 2.56470545e-09 3.98241712e-06 5.08034918e-06 1.42529879e-04
 1.34491335e-07 3.14641749e-05 2.39608171e-08 8.59931754e-09
 6.61669497e-10 2.07764377e-08 1.36301820e-07 5.93071052e-03
 9.48280581e-03 2.91380365e-08 3.25223054e-06 4.55961879e-09
 9.10131623e-04 8.86422999e-08 8.79820310e-08 7.79102135e-07
 3.67247363e-07 2.12601938e-06 2.04827769e-07 5.79323314e-06
 4.01632447e-05 2.31684745e-04 1.81614323e-04 3.29537133e-04
 4.18720787e-03 8.38066962e-08 6.68020717e-07 2.60183939e-08
 7.69679826e-08 3.70206854e-09 3.49421866e-05 1.07609469e-05
 4.68389616e-09 3.47788421e-04 4.11986141e-06 8.25720552e-06
 1.25075822e-06 1.59534568e-06 1.29193528e-03 2.40831361e-02
 7.03971020e-09 4.31379173e-06 1.82341130e-01 1.44550943e-06
 1.43059128e-07 1.30198860e-06 1.34531148e-07 1.14101491e-01
 1.84641185e-03 1.76415769e-07 1.58252967e-06 4.49935343e-07
 2.71993641e-01 5.96521027e-09 1.14285845e-03 3.20123870e-08
 1.29864510e-03 3.60162726e-06 5.59139515e-06 5.46728542e-06
 2.67180746e-04 7.28030869e-08 8.42924205e-05 5.37895765e-08
 1.49188162e-07 7.41915700e-07 2.27041313e-06 1.26810431e-04
 1.64270832e-05 3.95245347e-03 1.76241319e-04 5.27167433e-05
 3.71789515e-05 8.33112500e-06 4.24921528e-05 1.06598674e-06
 8.75326710e-02 1.61731742e-07 3.89077659e-13 8.27858740e-06
 1.22438524e-07 4.96474813e-08 1.38969366e-04 1.11642418e-07
 6.67848714e-07 6.59964134e-07 7.40288960e-05 1.31924052e-08
 9.24134400e-08 9.86178809e-05 6.35954296e-05 3.55955834e-03
 4.94087793e-09 2.45676362e-06 9.11556269e-03 2.18484599e-06
 9.06004364e-04 8.71334438e-06 1.14218479e-09 1.54911817e-04
 4.23762805e-05 4.07383235e-05 5.52217574e-07 7.35292990e-08
 5.13332377e-10 3.29534352e-05 5.64672153e-07 1.99038723e-08
 2.51902856e-06 1.00300680e-05 4.06756536e-07 1.99477210e-07
 1.12286198e-08 1.49325642e-08 9.62823424e-05 1.46024293e-09
 1.66852294e-03 1.09837048e-08 7.83084799e-05 4.59299540e-06
 8.18757837e-07 2.87308222e-04 4.01161180e-04 8.46256731e-10
 2.40991421e-09 1.39637419e-02 7.90839745e-08 2.25595366e-05
 6.86185061e-04 3.50004482e-08 5.50999269e-07 9.97658057e-05
 1.88649030e-09 1.31415279e-06 4.03801669e-05 1.46853038e-07
 8.53753773e-09 1.66942626e-07 2.77177754e-02 2.41428501e-05
 2.82321894e-03 4.62253346e-06 3.97099079e-04 3.02428638e-11
 4.68336269e-08 4.23630800e-05 4.91484436e-07 3.15585171e-04
 6.78611611e-09 3.84177102e-06 1.67640216e-08 7.96713947e-08
 3.52462458e-06 2.22738716e-07 2.78438835e-04 1.22499189e-04
 4.32058377e-08 2.12923020e-06 2.45415738e-08 3.50752999e-04
 1.99456327e-02 3.27352614e-07 2.31977994e-07 6.24153087e-08
 1.73372215e-07 7.13789914e-06 2.99444314e-09 3.38216775e-08
 1.91613705e-07 3.70883257e-07 8.14449931e-04 9.51918211e-10
 1.82869012e-07 1.59199362e-04 3.48240360e-08 2.61210269e-06
 1.12474559e-07 2.21330450e-08 5.77105796e-08 3.54471921e-05
 3.50587433e-04 3.27014373e-06 4.53125171e-09 2.66151629e-08
 1.13943247e-02 2.71074239e-08 1.68809411e-12 2.44782361e-05
 2.88951288e-05 3.76498408e-07 3.41837669e-13 5.54017078e-06
 1.95750446e-02 2.02264838e-06 1.81176982e-04 5.19151167e-04
 6.35672145e-05 3.59821446e-06 4.56233826e-07 2.89198385e-05
 1.12883847e-06 5.19920970e-07 1.74303670e-06 3.83875061e-07
 3.88898136e-08 2.63350105e-05 1.46329390e-06 2.39051768e-06
 1.92902962e-05 5.32502207e-08 1.05468028e-06 2.40616914e-07
 8.34159394e-04 4.31064906e-10 1.03932127e-04 1.87173309e-08
 4.46790569e-04 1.03388764e-04 2.67644018e-05 3.55055691e-03
 3.55467123e-04 5.55089158e-01 1.52957909e-08 2.65309996e-12
 3.03226418e-07 2.17009288e-04 1.47052299e-02 3.01224805e-07
 1.04675579e-06 2.69295605e-08 2.16916885e-07 2.24701534e-08
 2.71805784e-06 6.44977413e-07 3.76634679e-01 1.11006921e-03
 1.48667591e-05 5.19807574e-07 5.61556609e-05 7.89346619e-05
 1.64038115e-04 5.47695521e-07 1.19424293e-05 1.67589171e-08
 5.70778885e-09 3.92095956e-09 7.35505663e-04 1.55490921e-04
 8.30650877e-07 3.97032641e-08 4.82201441e-05 1.05947689e-04
 4.04283959e-05 6.12239601e-07 8.35903013e-07 2.22454539e-03
 4.39495465e-06 1.31077484e-07 6.60685088e-03 2.38068810e-04
 6.91194509e-07 1.32561545e-07 6.78911349e-05 1.09197240e-04
 3.35021678e-07 2.23174079e-06 3.05123640e-05 1.21153315e-08
 9.67197865e-07 2.28613796e-01 2.59332048e-04 2.33465615e-07
 1.01375644e-03 9.59709356e-09 3.39878266e-03 2.17706228e-02
 1.95565786e-13 5.16451503e-05 2.70987041e-02 6.55123018e-06
 2.05254365e-05 3.35470363e-09 4.86696358e-04 1.61285119e-04
 2.35823343e-05 2.45757577e-04 2.26994092e-08 1.92878635e-06
 9.31283147e-05 1.93506154e-04 9.19106073e-07 1.56073953e-04
 2.16721709e-08 1.84222033e-07 2.51327591e-03 2.92245149e-06
 1.63460640e-05 2.84619067e-08 5.24116670e-07 8.01723815e-05
 3.21945191e-06 5.38715207e-05 5.13805420e-04 1.99076865e-05
 4.26281792e-03 1.00678519e-06 4.62575298e-07 3.45469551e-08
 3.60364806e-06 5.59398710e-03 8.50069763e-07 8.08961411e-05
 3.16939364e-10 7.35069466e-05 9.83718401e-07 1.76347958e-06
 1.35718460e-08 3.90243393e-14 2.33270625e-11 2.92056668e-08
 7.65957742e-09 2.94562583e-08 1.38589808e-06 7.50451198e-05
 1.81488315e-07 3.18630422e-04 1.94405657e-04 1.50197559e-01
 1.86840041e-07 1.19034895e-08 4.52475059e-06 4.91600376e-07
 5.63235470e-05 8.59446857e-07 3.58827698e-08 3.37696759e-10
 3.69359876e-10 5.04207372e-07 1.40069719e-07 1.50807231e-03
 5.19680735e-03 4.01209449e-09 1.36834793e-04 9.31336896e-08
 3.22532576e-04 1.59422992e-06 1.24842090e-06 4.07010781e-09
 3.64947025e-05 6.80698295e-05 9.00098590e-05 2.49393545e-07
 3.87409888e-06 1.98327981e-06 1.89305161e-05 1.51101335e-06
 5.33118919e-07 2.09163063e-06 5.87589766e-03 9.20085768e-04
 8.32269377e-07 5.42197007e-02 5.44067959e-01 7.60738387e-06
 2.74541409e-07 3.54178721e-08 9.78736948e-02 4.37360154e-03
 1.61043684e-09 8.49027973e-04 4.20081457e-03 2.95730862e-03
 1.11870767e-06 8.51890199e-08 6.93974672e-09 2.76371090e-06
 9.93511488e-06 1.35270601e-06 1.42405599e-05 1.26963532e-07
 1.74254839e-04 4.59906933e-06 3.16694940e-07 8.12954115e-09
 4.53670670e-07 2.14615630e-05 5.73235792e-10 2.75282962e-03
 7.31783242e-06 1.52051555e-07 8.66062755e-09 5.00066763e-05
 7.24999866e-08 8.14033911e-06 1.55731861e-06 6.35875299e-01
 5.48572507e-04 1.14328714e-04 1.63800840e-09 1.66371565e-08
 5.25905518e-06 1.30460905e-08 2.53018383e-03 9.01225254e-04
 5.87856446e-07 1.21980493e-06 1.36643849e-06 2.37822940e-04
 9.26969409e-06 1.06769064e-02 5.47164491e-09 1.21951019e-06
 2.40264906e-06 1.45422696e-06 1.77826441e-06 6.51259322e-07
 8.81818623e-07 2.52641352e-10 1.68149271e-06 3.61591007e-06
 5.92025748e-07 9.69474279e-09 5.23656348e-08 7.79264241e-08
 8.44572807e-06 7.33606444e-06 1.20767868e-05 5.64849975e-06
 7.37288564e-09 1.55200223e-08 8.94025510e-04 1.36711990e-03
 2.83416827e-03 4.46000568e-08 2.52294352e-09 3.02816106e-11]
Mean IHM: 0.007778460909322313
Hardness SD: 0.05210458227787424
Sanity: [[0.19928066 0.19270868]
 [0.19995294 0.19977777]]